TABLE NO.     1: First Order: Problem=1 Subproblem=0 Superproblem1=0 Iteration1=0 Superproblem2=0 Iteration2=0
 NAME         THETA1       THETA2       THETA3       THETA4       THETA5       THETA6       SIGMA(1,1)   OMEGA(1,1)
 THETA1        8.47304E-01 -7.42040E+02  3.70681E-01 -2.28818E-01 -1.56361E+03 -3.85456E-02  0.00000E+00  5.52831E+02
 THETA2       -7.42040E+02  5.85267E+06 -3.72435E+02  1.07911E+02  4.64659E+06  6.23136E+02  0.00000E+00 -2.69941E+06
 THETA3        3.70681E-01 -3.72435E+02  2.35460E-01 -3.14047E-01 -8.42017E+02 -2.58244E-02  0.00000E+00  2.76604E+01
 THETA4       -2.28818E-01  1.07911E+02 -3.14047E-01  7.18000E-01  4.88213E+02  8.46073E-03  0.00000E+00  7.47393E+02
 THETA5       -1.56361E+03  4.64659E+06 -8.42017E+02  4.88213E+02  8.25674E+06  4.80826E+02  0.00000E+00 -4.06454E+06
 THETA6       -3.85456E-02  6.23136E+02 -2.58244E-02  8.46073E-03  4.80826E+02  7.10794E-02  0.00000E+00 -2.89552E+02
 SIGMA(1,1)    0.00000E+00  0.00000E+00  0.00000E+00  0.00000E+00  0.00000E+00  0.00000E+00  0.00000E+00  0.00000E+00
 OMEGA(1,1)    5.52831E+02 -2.69941E+06  2.76604E+01  7.47393E+02 -4.06454E+06 -2.89552E+02  0.00000E+00  1.02048E+07
