TABLE NO.     1: First Order: Problem=1 Subproblem=0 Superproblem1=0 Iteration1=0 Superproblem2=0 Iteration2=0
 NAME         THETA1       THETA2       THETA3       THETA4       THETA5       THETA6       SIGMA(1,1)   OMEGA(1,1)
 THETA1        2.91018E-01 -1.03117E+03  1.27913E-02  2.01229E-01 -2.75660E+02 -9.03244E-02  0.00000E+00 -3.00118E+02
 THETA2       -1.03117E+03  8.34929E+06 -6.53000E+00 -1.03368E+03  2.75001E+06  7.78946E+02  0.00000E+00  1.47403E+06
 THETA3        1.27913E-02 -6.53000E+00  1.96527E-03  2.96559E-04 -4.03506E+00 -6.10206E-04  0.00000E+00 -8.81508E-01
 THETA4        2.01229E-01 -1.03368E+03  2.96559E-04  2.00978E-01 -2.75169E+02 -9.08645E-02  0.00000E+00 -3.29911E+02
 THETA5       -2.75660E+02  2.75001E+06 -4.03506E+00 -2.75169E+02  1.41198E+06  2.64655E+02  0.00000E+00  1.07810E+06
 THETA6       -9.03244E-02  7.78946E+02 -6.10206E-04 -9.08645E-02  2.64655E+02  7.46248E-02  0.00000E+00  1.44181E+02
 SIGMA(1,1)    0.00000E+00  0.00000E+00  0.00000E+00  0.00000E+00  0.00000E+00  0.00000E+00  0.00000E+00  0.00000E+00
 OMEGA(1,1)   -3.00118E+02  1.47403E+06 -8.81508E-01 -3.29911E+02  1.07810E+06  1.44181E+02  0.00000E+00  5.93409E+06
