TABLE NO.     1: First Order: Problem=1 Subproblem=0 Superproblem1=0 Iteration1=0 Superproblem2=0 Iteration2=0
 NAME         THETA1       THETA2       THETA3       THETA4       THETA5       THETA6       SIGMA(1,1)   OMEGA(1,1)
 THETA1        2.33938E-01 -4.37231E+02  2.21529E-02  1.50759E-01 -9.14883E+01 -2.98194E-02  0.00000E+00 -1.42710E+01
 THETA2       -4.37231E+02  5.63740E+06 -3.66738E+00 -5.40603E+02  2.11667E+06  5.59276E+02  0.00000E+00 -2.91489E+05
 THETA3        2.21529E-02 -3.66738E+00  1.20920E-02 -1.56382E-02 -2.16593E+01  3.76367E-04  0.00000E+00 -3.98759E+00
 THETA4        1.50759E-01 -5.40603E+02 -1.56382E-02  2.00339E-01 -1.57970E+02 -4.39119E-02  0.00000E+00  8.44318E+00
 THETA5       -9.14883E+01  2.11667E+06 -2.16593E+01 -1.57970E+02  1.87834E+06  2.25203E+02  0.00000E+00 -1.21555E+05
 THETA6       -2.98194E-02  5.59276E+02  3.76367E-04 -4.39119E-02  2.25203E+02  5.84374E-02  0.00000E+00 -3.09574E+01
 SIGMA(1,1)    0.00000E+00  0.00000E+00  0.00000E+00  0.00000E+00  0.00000E+00  0.00000E+00  0.00000E+00  0.00000E+00
 OMEGA(1,1)   -1.42710E+01 -2.91489E+05 -3.98759E+00  8.44318E+00 -1.21555E+05 -3.09574E+01  0.00000E+00  6.40557E+06
