TABLE NO.     1: First Order: Problem=1 Subproblem=0 Superproblem1=0 Iteration1=0 Superproblem2=0 Iteration2=0
 NAME         THETA1       THETA2       THETA3       THETA4       THETA5       THETA6       SIGMA(1,1)   OMEGA(1,1)
 THETA1        2.56377E+03 -8.47375E-02 -8.68127E+03 -2.81345E+03 -2.41022E-01  9.40211E+02  0.00000E+00 -1.03812E-03
 THETA2       -8.47375E-02  8.93329E-06  2.99870E-01  9.78791E-02  8.73155E-06 -8.59968E-02  0.00000E+00  9.85648E-09
 THETA3       -8.68127E+03  2.99870E-01  2.94468E+04  9.54580E+03  8.20124E-01 -3.30814E+03  0.00000E+00  3.46090E-03
 THETA4       -2.81345E+03  9.78791E-02  9.54580E+03  3.09638E+03  2.65751E-01 -1.07821E+03  0.00000E+00  9.09571E-04
 THETA5       -2.41022E-01  8.73155E-06  8.20124E-01  2.65751E-01  2.32489E-05 -9.74787E-02  0.00000E+00  1.74396E-07
 THETA6        9.40211E+02 -8.59968E-02 -3.30814E+03 -1.07821E+03 -9.74787E-02  8.63381E+02  0.00000E+00 -7.65269E-05
 SIGMA(1,1)    0.00000E+00  0.00000E+00  0.00000E+00  0.00000E+00  0.00000E+00  0.00000E+00  0.00000E+00  0.00000E+00
 OMEGA(1,1)   -1.03812E-03  9.85648E-09  3.46090E-03  9.09571E-04  1.74396E-07 -7.65269E-05  0.00000E+00  1.48132E-07
