TABLE NO.     1: First Order: Problem=1 Subproblem=0 Superproblem1=0 Iteration1=0 Superproblem2=0 Iteration2=0
 NAME         THETA1       THETA2       THETA3       THETA4       THETA5       THETA6       SIGMA(1,1)   OMEGA(1,1)
 THETA1        5.06336E+01 -5.59926E-01 -9.99137E-01 -9.98556E-01 -9.87224E-01  6.31953E-01  0.00000E+00 -5.32702E-02
 THETA2       -5.59926E-01  2.98886E-03  5.84667E-01  5.88515E-01  6.05877E-01 -9.79208E-01  0.00000E+00  8.56824E-03
 THETA3       -9.99137E-01  5.84667E-01  1.71601E+02  9.99693E-01  9.91197E-01 -6.56092E-01  0.00000E+00  5.24017E-02
 THETA4       -9.98556E-01  5.88515E-01  9.99693E-01  5.56451E+01  9.90482E-01 -6.59438E-01  0.00000E+00  4.24702E-02
 THETA5       -9.87224E-01  6.05877E-01  9.91197E-01  9.90482E-01  4.82171E-03 -6.88030E-01  0.00000E+00  9.39748E-02
 THETA6        6.31953E-01 -9.79208E-01 -6.56092E-01 -6.59438E-01 -6.88030E-01  2.93834E+01  0.00000E+00 -6.76687E-03
 SIGMA(1,1)    0.00000E+00  0.00000E+00  0.00000E+00  0.00000E+00  0.00000E+00  0.00000E+00  0.00000E+00  0.00000E+00
 OMEGA(1,1)   -5.32702E-02  8.56824E-03  5.24017E-02  4.24702E-02  9.39748E-02 -6.76687E-03  0.00000E+00  3.84880E-04
