TABLE NO.     1: First Order: Problem=1 Subproblem=0 Superproblem1=0 Iteration1=0 Superproblem2=0 Iteration2=0
 NAME         THETA1       THETA2       THETA3       THETA4       THETA5       THETA6       SIGMA(1,1)   OMEGA(1,1)
 THETA1        6.38194E-01 -3.41815E-01 -1.63232E-01  8.00338E-01  6.33588E-01  9.61536E-01  0.00000E+00  2.85609E-03
 THETA2       -3.41815E-01  1.37527E+00 -4.43640E-01 -5.10366E-01 -2.01370E-01 -4.67193E-01  0.00000E+00  2.26765E-01
 THETA3       -1.63232E-01 -4.43640E-01  4.38598E-01 -1.06019E-01 -3.73403E-01 -1.28711E-01  0.00000E+00 -4.90972E-01
 THETA4        8.00338E-01 -5.10366E-01 -1.06019E-01  2.51329E-04  7.36955E-01  8.19135E-01  0.00000E+00  2.93558E-02
 THETA5        6.33588E-01 -2.01370E-01 -3.73403E-01  7.36955E-01  1.08346E+02  6.42150E-01  0.00000E+00  3.23680E-01
 THETA6        9.61536E-01 -4.67193E-01 -1.28711E-01  8.19135E-01  6.42150E-01  8.14652E-02  0.00000E+00 -6.02597E-03
 SIGMA(1,1)    0.00000E+00  0.00000E+00  0.00000E+00  0.00000E+00  0.00000E+00  0.00000E+00  0.00000E+00  0.00000E+00
 OMEGA(1,1)    2.85609E-03  2.26765E-01 -4.90972E-01  2.93558E-02  3.23680E-01 -6.02597E-03  0.00000E+00  7.21395E-01
