TABLE NO.     1: First Order: Problem=1 Subproblem=0 Superproblem1=0 Iteration1=0 Superproblem2=0 Iteration2=0
 NAME         THETA1       THETA2       THETA3       THETA4       THETA5       THETA6       SIGMA(1,1)   OMEGA(1,1)
 THETA1        4.45089E+01 -4.04271E+00 -3.20072E+00 -1.47566E+04  6.17362E-03 -3.37337E+02  0.00000E+00  3.01044E-01
 THETA2       -4.04271E+00  1.49224E+00  2.06359E+00  4.12132E+03 -2.05703E-03  3.49966E+01  0.00000E+00  6.27652E-02
 THETA3       -3.20072E+00  2.06359E+00  1.05964E+01  1.65457E+03  9.12773E-03  3.58498E+01  0.00000E+00  1.84280E+00
 THETA4       -1.47566E+04  4.12132E+03  1.65457E+03  7.83309E+07 -7.40838E+01  1.02097E+04  0.00000E+00  1.55682E+03
 THETA5        6.17362E-03 -2.05703E-03  9.12773E-03 -7.40838E+01  2.59135E-04 -9.09384E-02  0.00000E+00 -8.30334E-03
 THETA6       -3.37337E+02  3.49966E+01  3.58498E+01  1.02097E+04 -9.09384E-02  3.04459E+03  0.00000E+00  2.81269E+00
 SIGMA(1,1)    0.00000E+00  0.00000E+00  0.00000E+00  0.00000E+00  0.00000E+00  0.00000E+00  0.00000E+00  0.00000E+00
 OMEGA(1,1)    3.01044E-01  6.27652E-02  1.84280E+00  1.55682E+03 -8.30334E-03  2.81269E+00  0.00000E+00  2.83340E+00
