TABLE NO.     1: First Order: Problem=1 Subproblem=0 Superproblem1=0 Iteration1=0 Superproblem2=0 Iteration2=0
 NAME         THETA1       THETA2       THETA3       THETA4       THETA5       THETA6       SIGMA(1,1)   OMEGA(1,1)
 THETA1        6.53419E+00  1.16372E+00  5.42587E+00  4.79429E+03 -1.63754E-02 -3.04514E+01  0.00000E+00 -8.18615E-01
 THETA2        1.16372E+00  7.68954E-01  6.67241E-01  3.73023E+03 -6.84436E-03 -3.11279E+00  0.00000E+00 -7.88251E-02
 THETA3        5.42587E+00  6.67241E-01  1.31346E+01  1.86889E+03 -1.18569E-02 -1.85376E+01  0.00000E+00 -1.93215E+00
 THETA4        4.79429E+03  3.73023E+03  1.86889E+03  3.62479E+07 -3.55862E+01 -1.39534E+04  0.00000E+00 -3.70684E+02
 THETA5       -1.63754E-02 -6.84436E-03 -1.18569E-02 -3.55862E+01  1.04327E-04  4.86853E-02  0.00000E+00  3.41196E-03
 THETA6       -3.04514E+01 -3.11279E+00 -1.85376E+01 -1.39534E+04  4.86853E-02  1.72319E+02  0.00000E+00  2.34951E+00
 SIGMA(1,1)    0.00000E+00  0.00000E+00  0.00000E+00  0.00000E+00  0.00000E+00  0.00000E+00  0.00000E+00  0.00000E+00
 OMEGA(1,1)   -8.18615E-01 -7.88251E-02 -1.93215E+00 -3.70684E+02  3.41196E-03  2.34951E+00  0.00000E+00  1.16473E+00
