TABLE NO.     1: First Order: Problem=1 Subproblem=0 Superproblem1=0 Iteration1=0 Superproblem2=0 Iteration2=0
 NAME         THETA1       THETA2       THETA3       THETA4       THETA5       THETA6       SIGMA(1,1)   OMEGA(1,1)
 THETA1        4.79318E-01 -1.40726E+03  2.48801E+01 -8.17587E+00 -3.77344E+02 -1.23400E-01  0.00000E+00 -4.19591E+02
 THETA2       -1.40726E+03  8.35189E+06 -8.69015E+04  3.08832E+04  2.75098E+06  7.79141E+02  0.00000E+00  1.47534E+06
 THETA3        2.48801E+01 -8.69015E+04  1.44017E+03 -5.00307E+02 -2.34878E+04 -7.64383E+00  0.00000E+00 -2.75913E+04
 THETA4       -8.17587E+00  3.08832E+04 -5.00307E+02  1.79345E+02  8.22331E+03  2.71457E+00  0.00000E+00  9.86307E+03
 THETA5       -3.77344E+02  2.75098E+06 -2.34878E+04  8.22331E+03  1.41212E+06  2.64733E+02  0.00000E+00  1.07803E+06
 THETA6       -1.23400E-01  7.79141E+02 -7.64383E+00  2.71457E+00  2.64733E+02  7.46387E-02  0.00000E+00  1.44295E+02
 SIGMA(1,1)    0.00000E+00  0.00000E+00  0.00000E+00  0.00000E+00  0.00000E+00  0.00000E+00  0.00000E+00  0.00000E+00
 OMEGA(1,1)   -4.19591E+02  1.47534E+06 -2.75913E+04  9.86307E+03  1.07803E+06  1.44295E+02  0.00000E+00  5.93546E+06
