TABLE NO.     1: First Order: Problem=1 Subproblem=0 Superproblem1=0 Iteration1=0 Superproblem2=0 Iteration2=0
 NAME         THETA1       THETA2       THETA3       THETA4       THETA5       THETA6       SIGMA(1,1)   OMEGA(1,1)
 THETA1        3.88875E-01 -6.08674E+02  1.99264E+01 -6.14929E+00 -1.42950E+02 -4.42508E-02  0.00000E+00 -1.37876E+01
 THETA2       -6.08674E+02  5.63865E+06 -4.31061E+04  1.64895E+04  2.11686E+06  5.54922E+02  0.00000E+00 -2.91100E+05
 THETA3        1.99264E+01 -4.31061E+04  1.16623E+03 -3.81471E+02 -1.18987E+04 -3.32991E+00  0.00000E+00  9.39222E+01
 THETA4       -6.14929E+00  1.64895E+04 -3.81471E+02  1.35582E+02  4.71883E+03  1.29941E+00  0.00000E+00 -2.51660E+02
 THETA5       -1.42950E+02  2.11686E+06 -1.18987E+04  4.71883E+03  1.28700E+06  2.25255E+02  0.00000E+00 -1.21795E+05
 THETA6       -4.42508E-02  5.54922E+02 -3.32991E+00  1.29941E+00  2.25255E+02  5.87444E-02  0.00000E+00 -3.09169E+01
 SIGMA(1,1)    0.00000E+00  0.00000E+00  0.00000E+00  0.00000E+00  0.00000E+00  0.00000E+00  0.00000E+00  0.00000E+00
 OMEGA(1,1)   -1.37876E+01 -2.91100E+05  9.39222E+01 -2.51660E+02 -1.21795E+05 -3.09169E+01  0.00000E+00  6.40700E+06
