TABLE NO.     1: First Order: Problem=1 Subproblem=0 Superproblem1=0 Iteration1=0 Superproblem2=0 Iteration2=0
 NAME         THETA1       THETA2       THETA3       THETA4       THETA5       THETA6       SIGMA(1,1)   OMEGA(1,1)
 THETA1        2.15061E+01 -9.33564E-04 -3.17159E-01  1.32529E-01 -1.05183E-03  5.56319E+00  0.00000E+00  5.37099E-05
 THETA2       -9.33564E-04  3.11124E-06 -1.91556E-05 -2.29717E-04  4.27640E-07 -2.52135E-02  0.00000E+00 -7.56880E-08
 THETA3       -3.17159E-01 -1.91556E-05  7.19117E-03  7.58446E-03  7.79541E-06  1.47680E-01  0.00000E+00 -8.22322E-07
 THETA4        1.32529E-01 -2.29717E-04  7.58446E-03  4.84427E-02 -7.15226E-05  1.83668E+00  0.00000E+00  1.31235E-05
 THETA5       -1.05183E-03  4.27640E-07  7.79541E-06 -7.15226E-05  2.68981E-06 -1.36832E-02  0.00000E+00  1.98837E-07
 THETA6        5.56319E+00 -2.52135E-02  1.47680E-01  1.83668E+00 -1.36832E-02  2.62326E+02  0.00000E+00  2.11088E-04
 SIGMA(1,1)    0.00000E+00  0.00000E+00  0.00000E+00  0.00000E+00  0.00000E+00  0.00000E+00  0.00000E+00  0.00000E+00
 OMEGA(1,1)    5.37099E-05 -7.56880E-08 -8.22322E-07  1.31235E-05  1.98837E-07  2.11088E-04  0.00000E+00  1.48096E-07
